-9.18946
-8.54561
-8.41803
-8.37714
-8.32417
-8.28468
-8.25402
-8.22791
-8.20501
-8.18445
-8.16439
-8.14371
-8.12293
-8.09511
-8.06943
-8.03518
-7.99496
-7.95404
-7.91649
-7.87827
-7.84275
-7.81005
-7.77868
-7.75322
-7.72984
-7.70862
-7.69205
-7.67682
-7.66317
-7.6522
-7.64228
-7.63464
-7.62596
-7.61907
-7.61403
-7.60932
-7.60408
-7.59971
-7.59707
-7.59271
-7.58998
-7.58832
-7.58415
-7.58354
-7.58063
-7.5791
-7.57686
-7.57529
-7.57364
-7.57261
-7.57061
-7.5696
-7.56812
-7.56834
-7.56704
-7.56641
-7.56476
-7.56399
-7.56365
-7.56301
-7.56168
-7.56177
-7.56118
-7.55936
-7.55796
-7.55876
-7.55759
-7.5566
-7.5556
-7.55518
-7.55484
-7.55638
-7.55408
-7.55391
-7.55418
-7.55384
-7.55355
-7.55416
-7.55275
-7.55293
-9.25906
-8.56698
-8.43691
-8.38047
-8.32702
-8.27732
-8.24429
-8.2205
-8.19567
-8.17681
-8.16135
-8.14537
-8.12871
-8.1065
-8.0806
-8.04913
-8.01488
-7.97524
-7.93256
-7.89032
-7.85216
-7.81711
-7.78609
-7.7584
-7.73309
-7.71273
-7.6963
-7.68064
-7.66754
-7.65573
-7.64594
-7.63667
-7.62871
-7.62099
-7.61562
-7.61187
-7.60609
-7.60276
-7.59946
-7.59548
-7.59293
-7.59048
-7.58731
-7.58586
-7.58394
-7.58108
-7.58007
-7.57831
-7.57811
-7.57586
-7.57542
-7.57477
-7.57347
-7.57218
-7.57122
-7.56909
-7.56987
-7.56881
-7.56819
-7.56691
-7.56693
-7.56638
-7.56616
-7.56617
-7.56564
-7.56566
-7.56422
-7.56409
-7.56305
-7.56306
-7.56214
-7.56316
-7.56351
-7.56238
-7.5634
-7.56264
-7.56219
-7.56161
-7.56211
-7.56176
-9.22147
-8.55318
-8.42999
-8.39022
-8.33925
-8.29456
-8.26255
-8.23111
-8.21058
-8.1883
-8.1701
-8.15253
-8.1352
-8.11759
-8.09136
-8.05855
-8.02034
-7.98112
-7.94255
-7.90497
-7.86798
-7.83289
-7.80211
-7.77362
-7.75053
-7.72914
-7.70931
-7.69304
-7.67876
-7.66744
-7.65628
-7.64715
-7.63883
-7.6322
-7.62501
-7.62147
-7.61554
-7.61191
-7.6073
-7.60402
-7.60158
-7.59988
-7.59691
-7.59351
-7.59111
-7.59012
-7.58838
-7.5872
-7.58455
-7.58498
-7.58308
-7.58123
-7.58001
-7.5801
-7.57945
-7.57829
-7.57671
-7.57638
-7.57596
-7.57515
-7.57424
-7.57347
-7.57299
-7.57331
-7.57251
-7.57167
-7.57304
-7.5712
-7.57101
-7.57072
-7.57015
-7.56993
-7.56978
-7.56884
-7.5698
-7.56904
-7.5692
-7.56765
-7.56816
-7.56728
