-8.95548
-8.88007
-8.86292
-8.85201
-8.84798
-8.84559
-8.84768
-8.79384
-8.81754
-8.8274
-8.83208
-8.80709
-8.8088
-8.81513
-8.81693
-8.79119
-8.78234
-8.78556
-8.78749
-8.76286
-8.74801
-8.75033
-8.75108
-8.72662
-8.70587
-8.70775
-8.70857
-8.68902
-8.66492
-8.66774
-8.66771
-8.64913
-8.62598
-8.62549
-8.62705
-8.61253
-8.58854
-8.59166
-8.59129
-8.57824
-8.55752
-8.55428
-8.5565
-8.54866
-8.52552
-8.52728
-8.52608
-8.51844
-8.4975
-8.49813
-8.4977
-8.49271
-8.4744
-8.47498
-8.47447
-8.47099
-8.45426
-8.45489
-8.45423
-8.45096
-8.43695
-8.43617
-8.43639
-8.4329
-8.42413
-8.42253
-8.42341
-8.42167
-8.41046
-8.41073
-8.41075
-8.4106
-8.40261
-8.40178
-8.40104
-8.40151
-8.39549
-8.39374
-8.3922
-8.3933
-8.38867
-8.38942
-8.388
-8.38903
-8.38533
-8.38409
-8.38417
-8.38425
-8.37978
-8.38012
-8.38107
-8.3813
-8.37833
-8.37786
-8.37761
-8.37835
-8.37412
-8.37479
-8.37386
-8.37582
-8.37295
-8.3733
-8.37373
-8.37231
-8.37142
-8.3708
-8.37128
-8.3713
-8.37013
-8.36999
-8.37029
-8.37029
-8.37008
-8.3698
-8.36784
-8.3688
-8.3688
-8.36745
-8.36726
-8.36824
-8.36961
-8.36793
-8.36911
-8.36881
-8.36582
-8.36718
-8.36711
-8.36908
-8.3685
-8.36628
-8.36745
-8.36631
-8.36511
-8.36781
-8.3652
-8.36571
-8.36717
-8.3662
-8.36667
-8.36593
-8.96215
-8.87166
-8.84787
-8.83929
-8.83461
-8.83153
-8.83202
-8.78809
-8.81143
-8.81397
-8.81226
-8.7831
-8.77678
-8.77864
-8.77964
-8.75349
-8.73951
-8.74342
-8.74767
-8.72324
-8.70643
-8.70838
-8.70901
-8.68893
-8.67004
-8.67225
-8.673
-8.65505
-8.63612
-8.63897
-8.63992
-8.62359
-8.60382
-8.60596
-8.60836
-8.5933
-8.57599
-8.57881
-8.57951
-8.56822
-8.55602
-8.55607
-8.55567
-8.54634
-8.53459
-8.53409
-8.53534
-8.52974
-8.51958
-8.51851
-8.52109
-8.51556
-8.50565
-8.50638
-8.50644
-8.5031
-8.49378
-8.49149
-8.49231
-8.49092
-8.48257
-8.48256
-8.48182
-8.48348
-8.47379
-8.47375
-8.47562
-8.47456
-8.46966
-8.46694
-8.46979
-8.46647
-8.46376
-8.46327
-8.46248
-8.46321
-8.45801
-8.45696
-8.45902
-8.45706
-8.45378
-8.45338
-8.45324
-8.45388
-8.44964
-8.44957
-8.45092
-8.45083
-8.44662
-8.44727
-8.44753
-8.44719
-8.44595
-8.44475
-8.44393
-8.44588
-8.44188
-8.44282
-8.44187
-8.442
-8.4411
-8.44194
-8.44043
-8.44086
-8.43879
-8.44005
-8.43999
-8.43875
-8.44009
-8.43883
-8.43952
-8.43756
-8.43792
-8.43879
-8.437
-8.43883
-8.43678
-8.43702
-8.43744
-8.43631
-8.43586
-8.4357
-8.43771
-8.43647
-8.43501
-8.4366
-8.43574
-8.43592
-8.43616
-8.43446
-8.43525
-8.43499
-8.43476
-8.43557
-8.43606
-8.43475
-8.43328
-8.43425
-8.43573
-8.4342
-8.96257
-8.88976
-8.87398
-8.87113
-8.86843
-8.86751
-8.86828
-8.82616
-8.85466
-8.86042
-8.86772
-8.84037
-8.84115
-8.84653
-8.84924
-8.82249
-8.81041
-8.81131
-8.8158
-8.79053
-8.77163
-8.77346
-8.77527
-8.75246
-8.72977
-8.73163
-8.73145
-8.71285
-8.68596
-8.68746
-8.68745
-8.67215
-8.64587
-8.64736
-8.64779
-8.6328
-8.60754
-8.61019
-8.60984
-8.59873
-8.57742
-8.57874
-8.57946
-8.57201
-8.55207
-8.55143
-8.55066
-8.54436
-8.52652
-8.52844
-8.52747
-8.52301
-8.50658
-8.50529
-8.50814
-8.50194
-8.48968
-8.48785
-8.48911
-8.48686
-8.47263
-8.47228
-8.47372
-8.47136
-8.4596
-8.45907
-8.45877
-8.4592
-8.44912
-8.44785
-8.44768
-8.44734
-8.43769
-8.43887
-8.43891
-8.43793
-8.43087
-8.43103
-8.4308
-8.43085
-8.42527
-8.42386
-8.42445
-8.42385
-8.41837
-8.42054
-8.41723
-8.41844
-8.41501
-8.41565
-8.41356
-8.41468
-8.41028
-8.41192
-8.41027
-8.41029
-8.40774
-8.40482
-8.40134
-8.4017
-8.39806
-8.39745
-8.3967
-8.39786
-8.39692
-8.39577
-8.39522
-8.39523
-8.39254
-8.39317
-8.39133
-8.39456
-8.39127
-8.39065
-8.39103
-8.39121
-8.39097
-8.39189
-8.391
-8.38974
-8.38829
-8.38904
-8.38959
-8.39066
-8.38793
-8.3897
-8.38991
-8.3893
-8.38894
-8.3891
-8.38823
-8.38704
-8.38744
-8.38796
-8.38807
-8.38815
-8.38851
-8.3876
-8.38835
-8.38868
-8.95953
-8.85096
-8.81898
-8.80564
-8.79956
-8.79732
-8.79895
-8.74531
-8.75511
-8.76544
-8.77037
-8.74359
-8.73139
-8.73573
-8.73969
-8.71187
-8.69018
-8.69256
-8.69323
-8.67058
-8.64376
-8.64756
-8.6492
-8.62775
-8.60398
-8.60494
-8.60796
-8.58858
-8.56757
-8.57034
-8.57159
-8.55693
-8.53886
-8.54199
-8.54247
-8.53071
-8.51437
-8.51647
-8.51498
-8.5095
-8.49328
-8.49383
-8.49477
-8.49087
-8.47613
-8.47836
-8.47688
-8.4714
-8.4638
-8.46354
-8.46416
-8.46045
-8.4521
-8.45289
-8.45299
-8.45086
-8.44339
-8.44332
-8.44423
-8.44008
-8.43552
-8.435
-8.43532
-8.43512
-8.42862
-8.42889
-8.42957
-8.42832
-8.42221
-8.42382
-8.42455
-8.42353
-8.41926
-8.41876
-8.41874
-8.41871
-8.41566
-8.41712
-8.4159
-8.41518
-8.41435
-8.41232
-8.41264
-8.41228
-8.40978
-8.41017
-8.40979
-8.41037
-8.40807
-8.40793
-8.40838
-8.40802
-8.40703
-8.40793
-8.40627
-8.406
-8.40642
-8.40556
-8.40467
-8.40469
-8.40472
-8.40408
-8.40341
-8.40397
-8.40146
-8.40474
-8.40378
-8.40414
-8.40198
-8.40199
-8.4035
-8.40302
-8.40267
-8.40202
-8.40295
-8.40291
-8.40257
-8.40083
-8.40138
-8.40065
-8.39962
-8.40106
-8.40078
-8.4016
-8.39886
-8.40083
-8.40164
-8.40039
-8.4012
-8.39867
-8.40175
-8.39893
-8.40033
-8.39968
-8.40011
-8.40038
-8.39921
-8.3983
-8.39945
-8.39998
-8.9875
-8.88915
-8.86045
-8.85193
-8.84768
-8.84692
-8.85005
-8.80857
-8.83202
-8.83635
-8.83457
-8.80562
-8.80034
-8.80569
-8.80703
-8.7754
-8.75236
-8.75307
-8.75527
-8.7275
-8.70138
-8.70406
-8.70488
-8.68329
-8.65449
-8.65703
-8.65983
-8.63869
-8.61187
-8.6129
-8.61528
-8.59932
-8.57369
-8.57396
-8.57346
-8.56164
-8.53875
-8.53987
-8.54235
-8.53186
-8.51355
-8.51439
-8.51407
-8.50648
-8.49044
-8.49229
-8.49173
-8.48719
-8.4718
-8.47089
-8.47159
-8.46897
-8.45392
-8.45414
-8.45547
-8.45058
-8.44018
-8.44008
-8.44104
-8.43914
-8.42996
-8.43136
-8.42952
-8.42889
-8.42221
-8.41983
-8.42014
-8.41965
-8.41394
-8.41565
-8.41401
-8.41392
-8.40944
-8.40887
-8.40861
-8.41012
-8.40423
-8.40554
-8.40476
-8.40541
-8.40369
-8.40338
-8.4034
-8.4016
-8.40155
-8.40028
-8.40067
-8.39989
-8.39848
-8.3987
-8.39786
-8.39829
-8.39835
-8.39622
-8.3962
-8.39755
-8.39667
-8.39589
-8.39585
-8.39622
-8.39517
-8.39571
-8.39568
-8.39713
-8.39554
-8.39559
-8.39513
-8.39536
-8.3946
-8.39457
-8.39342
-8.39439
-8.39285
-8.3937
-8.39282
-8.39559
-8.39337
-8.39232
-8.39382
-8.39389
-8.39251
-8.39294
-8.39342
-8.39208
-8.39177
-8.39328
-8.39241
-8.39415
-8.39361
-8.39224
-8.39429
-8.39346
-8.39409
-8.39379
-8.39357
-8.39291
-8.39176
-8.39237
-8.39263
-8.39221
-8.97546
-8.87223
-8.84341
-8.83477
-8.83246
-8.83129
-8.83202
-8.79333
-8.81021
-8.82081
-8.82233
-8.79175
-8.78596
-8.79055
-8.79356
-8.76392
-8.74731
-8.75161
-8.75278
-8.72718
-8.70099
-8.70376
-8.70318
-8.67958
-8.65582
-8.6553
-8.6566
-8.63547
-8.61199
-8.61275
-8.6141
-8.59796
-8.57561
-8.57512
-8.57377
-8.56235
-8.54288
-8.54485
-8.5451
-8.53674
-8.5172
-8.51847
-8.51802
-8.51232
-8.49665
-8.49852
-8.49734
-8.49228
-8.47792
-8.48046
-8.48009
-8.47608
-8.46471
-8.46537
-8.46617
-8.46346
-8.45448
-8.4546
-8.4537
-8.45259
-8.44447
-8.44423
-8.44435
-8.44278
-8.43691
-8.43702
-8.43802
-8.43587
-8.43155
-8.43118
-8.4303
-8.43065
-8.4258
-8.42655
-8.42628
-8.4264
-8.42139
-8.42233
-8.42203
-8.42222
-8.41837
-8.4179
-8.41822
-8.4184
-8.4162
-8.41445
-8.41489
-8.41629
-8.41315
-8.41328
-8.41386
-8.41416
-8.41256
-8.41237
-8.4113
-8.41175
-8.4095
-8.41037
-8.41046
-8.41113
-8.41024
-8.40959
-8.41014
-8.4085
-8.4088
-8.40932
-8.40918
-8.40908
-8.40894
-8.40816
-8.40786
-8.40705
-8.40681
-8.40831
-8.40786
-8.40654
-8.40607
-8.40683
-8.40602
-8.40721
-8.4076
-8.4055
-8.40891
-8.40676
-8.40638
-8.40644
-8.40649
-8.4062
-8.40564
-8.40654
-8.40428
-8.40748
-8.40542
-8.40528
-8.4044
-8.40501
-8.40443
-8.40463
-8.40597
-8.40719
-8.97281
-8.88044
-8.86005
-8.84955
-8.8453
-8.84428
-8.84142
-8.78412
-8.79267
-8.79496
-8.79522
-8.76072
-8.74773
-8.74997
-8.75305
-8.72257
-8.69879
-8.70048
-8.70142
-8.67243
-8.63984
-8.63999
-8.64096
-8.61902
-8.59068
-8.59293
-8.59554
-8.5741
-8.54814
-8.54943
-8.55063
-8.53461
-8.51161
-8.51269
-8.51205
-8.50077
-8.478
-8.48103
-8.4805
-8.47249
-8.45304
-8.45447
-8.45393
-8.44923
-8.4343
-8.43386
-8.4338
-8.43063
-8.417
-8.41752
-8.41969
-8.41573
-8.40497
-8.40532
-8.40428
-8.40426
-8.39718
-8.39687
-8.39522
-8.39608
-8.38864
-8.38946
-8.38836
-8.38864
-8.38364
-8.38444
-8.38559
-8.38326
-8.37873
-8.37877
-8.37937
-8.3797
-8.37506
-8.37651
-8.37636
-8.37603
-8.37264
-8.37307
-8.37323
-8.37304
-8.37032
-8.37008
-8.37073
-8.36965
-8.36875
-8.36895
-8.36823
-8.36945
-8.36621
-8.36607
-8.36626
-8.36766
-8.36576
-8.36753
-8.36749
-8.3672
-8.36535
-8.36562
-8.36489
-8.36655
-8.36472
-8.36285
-8.36644
-8.36439
-8.36508
-8.36453
-8.36156
-8.35736
-8.35628
-8.35629
-8.35835
-8.35804
-8.35806
-8.35676
-8.35654
-8.35632
-8.35537
-8.35659
-8.35628
-8.35584
-8.35482
-8.35568
-8.35624
-8.35666
-8.35479
-8.35491
-8.35638
-8.35795
-8.35596
-8.35531
-8.35744
-8.35561
-8.35523
-8.35449
-8.35487
-8.35545
-8.35461
-8.35494
-8.35613
-8.35581
-8.98949
-8.89124
-8.86698
-8.8552
-8.84909
-8.84546
-8.84167
-8.79921
-8.81024
-8.81845
-8.82129
-8.79131
-8.77926
-8.78718
-8.78996
-8.75895
-8.73608
-8.73871
-8.74127
-8.71385
-8.68714
-8.69089
-8.69172
-8.66453
-8.63677
-8.63639
-8.63822
-8.61842
-8.5887
-8.59151
-8.58994
-8.5715
-8.5452
-8.54554
-8.54544
-8.53161
-8.50805
-8.50936
-8.5114
-8.50106
-8.48066
-8.48197
-8.48161
-8.47527
-8.45818
-8.45884
-8.45763
-8.45327
-8.44035
-8.44027
-8.4397
-8.43717
-8.42551
-8.42665
-8.42747
-8.42503
-8.41482
-8.41378
-8.41413
-8.41255
-8.40579
-8.40566
-8.40603
-8.40567
-8.3995
-8.39978
-8.39884
-8.39844
-8.39444
-8.39401
-8.39462
-8.39438
-8.39151
-8.39027
-8.39103
-8.39046
-8.38784
-8.38752
-8.38752
-8.38816
-8.38562
-8.38493
-8.38629
-8.3854
-8.38362
-8.38277
-8.3836
-8.38287
-8.38044
-8.38344
-8.38335
-8.3817
-8.38164
-8.3814
-8.37961
-8.38003
-8.37938
-8.37883
-8.38081
-8.37986
-8.37783
-8.37803
-8.37897
-8.37798
-8.37629
-8.37956
-8.37923
-8.37894
-8.37807
-8.37892
-8.3786
-8.37967
-8.37966
-8.37821
-8.37683
-8.3793
-8.37785
-8.37851
-8.37907
-8.37799
-8.37695
-8.37836
-8.37941
-8.37847
-8.37815
-8.37758
-8.37782
-8.37774
-8.37777
-8.37761
-8.37749
-8.37667
-8.37743
-8.37741
-8.37794
-8.37722
-8.37721
-8.37898
-8.378
-8.37661
-8.96788
-8.85917
-8.82124
-8.80661
-8.79741
-8.79279
-8.79349
-8.74174
-8.75065
-8.75853
-8.76102
-8.7318
-8.72443
-8.72772
-8.73088
-8.7015
-8.68705
-8.69158
-8.69237
-8.66416
-8.64647
-8.64826
-8.65072
-8.62984
-8.61012
-8.61314
-8.61465
-8.59824
-8.57842
-8.57562
-8.57491
-8.5586
-8.54223
-8.54191
-8.54182
-8.52502
-8.5024
-8.50334
-8.50356
-8.49367
-8.47553
-8.47753
-8.4779
-8.47269
-8.45677
-8.45794
-8.4568
-8.45271
-8.44202
-8.44143
-8.44102
-8.441
-8.42781
-8.42833
-8.43017
-8.427
-8.41787
-8.41865
-8.41817
-8.41646
-8.41034
-8.40905
-8.4102
-8.40934
-8.40292
-8.40384
-8.40458
-8.40268
-8.39893
-8.3986
-8.40029
-8.39898
-8.39532
-8.39346
-8.39399
-8.39348
-8.39161
-8.39193
-8.39133
-8.39057
-8.38879
-8.3909
-8.38838
-8.38838
-8.3871
-8.38726
-8.38723
-8.38717
-8.38619
-8.38583
-8.38665
-8.38429
-8.3833
-8.38392
-8.385
-8.38271
-8.38337
-8.38311
-8.3819
-8.38233
-8.38146
-8.3825
-8.38004
-8.38263
-8.3816
-8.38036
-8.38074
-8.38087
-8.3804
-8.3798
-8.37962
-8.38058
-8.37867
-8.38122
-8.38129
-8.38102
-8.37965
-8.37845
-8.38
-8.37935
-8.37864
-8.37981
-8.38014
-8.37943
-8.37866
-8.38092
-8.37974
-8.37952
-8.37905
-8.3792
-8.37878
-8.37886
-8.37766
-8.37819
-8.3793
-8.37773
-8.37743
-8.37928
-8.37885
-8.37887
-8.95488
-8.84993
-8.82563
-8.82094
-8.817
-8.81526
-8.81599
-8.76598
-8.77834
-8.78528
-8.78697
-8.75467
-8.7443
-8.74984
-8.74873
-8.71726
-8.69145
-8.69489
-8.69748
-8.67042
-8.64334
-8.64719
-8.6473
-8.62136
-8.5964
-8.60055
-8.60161
-8.57793
-8.55147
-8.5505
-8.55456
-8.53703
-8.50977
-8.50956
-8.51035
-8.49908
-8.47532
-8.47757
-8.4766
-8.46892
-8.44762
-8.4485
-8.44879
-8.44465
-8.42646
-8.42639
-8.42759
-8.42337
-8.4092
-8.40969
-8.41088
-8.40748
-8.39775
-8.39716
-8.39768
-8.39553
-8.38236
-8.38172
-8.38302
-8.38212
-8.37541
-8.37737
-8.37505
-8.37546
-8.37068
-8.37069
-8.37077
-8.37075
-8.3665
-8.36556
-8.36789
-8.36754
-8.36439
-8.36324
-8.36297
-8.36378
-8.36116
-8.36195
-8.36109
-8.36118
-8.36028
-8.35837
-8.36013
-8.36009
-8.35786
-8.35928
-8.35911
-8.35778
-8.35551
-8.35691
-8.35758
-8.35659
-8.35514
-8.35778
-8.35616
-8.35624
-8.35575
-8.35379
-8.35548
-8.35583
-8.35533
-8.35433
-8.35669
-8.35402
-8.35477
-8.3558
-8.3553
-8.35569
-8.35531
-8.35576
-8.35366
-8.35452
-8.355
-8.35514
-8.35501
-8.3546
-8.35499
-8.35565
-8.35511
-8.35515
-8.35402
-8.35589
-8.35375
-8.35364
-8.35477
-8.35543
-8.35346
-8.3552
-8.35402
-8.35456
-8.35366
-8.35477
-8.35494
-8.3553
-8.35352
-8.35413
-8.35302
-8.35458
-8.35328
-8.35455
-8.98505
-8.87634
-8.83964
-8.82454
-8.81748
-8.81376
-8.81362
-8.76085
-8.76513
-8.77066
-8.77409
-8.74089
-8.72603
-8.73101
-8.73195
-8.70276
-8.68065
-8.68574
-8.68797
-8.65873
-8.63691
-8.63773
-8.64338
-8.61884
-8.59381
-8.59721
-8.59934
-8.57894
-8.55514
-8.55767
-8.55971
-8.54302
-8.51732
-8.51773
-8.51898
-8.50692
-8.48198
-8.48252
-8.48389
-8.47402
-8.4523
-8.45182
-8.45247
-8.44448
-8.42738
-8.42741
-8.42745
-8.424
-8.41153
-8.4099
-8.41089
-8.40795
-8.39724
-8.39685
-8.39836
-8.39603
-8.38554
-8.38833
-8.38947
-8.38637
-8.38057
-8.38019
-8.38142
-8.38022
-8.37505
-8.37604
-8.3758
-8.37452
-8.37202
-8.37143
-8.37221
-8.37126
-8.36802
-8.36806
-8.36899
-8.36733
-8.36607
-8.36518
-8.36677
-8.36347
-8.36266
-8.36195
-8.36408
-8.3615
-8.36058
-8.36106
-8.36076
-8.36006
-8.36076
-8.36019
-8.36024
-8.36141
-8.36049
-8.3601
-8.35905
-8.3574
-8.35875
-8.3588
-8.35839
-8.35874
-8.3567
-8.35773
-8.35736
-8.35759
-8.35728
-8.358
-8.35883
-8.35668
-8.35639
-8.35635
-8.35709
-8.35683
-8.35594
-8.35733
-8.35726
-8.35649
-8.35766
-8.35544
-8.35591
-8.35741
-8.35545
-8.35566
-8.35619
-8.35544
-8.35562
-8.35655
-8.35547
-8.35557
-8.35613
-8.35413
-8.3559
-8.35382
-8.355
-8.35526
-8.35548
-8.35546
-8.35484
-8.35635
-8.3545
-8.35515
-8.96573
-8.8744
-8.84525
-8.83948
-8.83567
-8.83648
-8.83781
-8.78841
-8.80016
-8.80898
-8.81584
-8.78444
-8.77603
-8.77907
-8.78386
-8.75028
-8.7277
-8.72854
-8.72759
-8.69822
-8.66561
-8.66325
-8.66712
-8.63792
-8.60317
-8.604
-8.60342
-8.58282
-8.54806
-8.54856
-8.548
-8.53356
-8.50024
-8.5026
-8.50234
-8.49102
-8.46357
-8.46368
-8.46383
-8.45519
-8.43311
-8.4341
-8.4335
-8.42811
-8.40813
-8.40915
-8.40987
-8.40194
-8.38716
-8.39053
-8.39063
-8.387
-8.37623
-8.37816
-8.37665
-8.37381
-8.36745
-8.3684
-8.36789
-8.36714
-8.36163
-8.36119
-8.36082
-8.35996
-8.35521
-8.35684
-8.35585
-8.35545
-8.35172
-8.35281
-8.35074
-8.35214
-8.34978
-8.34928
-8.34967
-8.34868
-8.34803
-8.34615
-8.34577
-8.34802
-8.34423
-8.34484
-8.34518
-8.34407
-8.34337
-8.34408
-8.34346
-8.34306
-8.34351
-8.34133
-8.3423
-8.34099
-8.34115
-8.34134
-8.34079
-8.34146
-8.34092
-8.34067
-8.34109
-8.34012
-8.33974
-8.34053
-8.3394
-8.33971
-8.33985
-8.34051
-8.34066
-8.34051
-8.33945
-8.33806
-8.33845
-8.33823
-8.33881
-8.33804
-8.33921
-8.33897
-8.33842
-8.33724
-8.33842
-8.33766
-8.3388
-8.33804
-8.33863
-8.33782
-8.33827
-8.33861
-8.33818
-8.33911
-8.33788
-8.33731
-8.33802
-8.33767
-8.3372
-8.33663
-8.33683
-8.33584
-8.33664
-8.33782
-8.33702
-8.33842
-8.99224
-8.86982
-8.83462
-8.81804
-8.80954
-8.80529
-8.80505
-8.74817
-8.72333
-8.72949
-8.73263
-8.69258
-8.66328
-8.66743
-8.67132
-8.63237
-8.60112
-8.60368
-8.60823
-8.57819
-8.54164
-8.54487
-8.54573
-8.52267
-8.48687
-8.49182
-8.49249
-8.47521
-8.44305
-8.44655
-8.44543
-8.43304
-8.40517
-8.40504
-8.40574
-8.39844
-8.37248
-8.37506
-8.37498
-8.36846
-8.34931
-8.34885
-8.34881
-8.344
-8.32796
-8.32887
-8.32812
-8.32424
-8.3144
-8.31297
-8.31468
-8.31113
-8.30441
-8.30236
-8.3049
-8.30236
-8.29657
-8.29496
-8.2941
-8.29436
-8.28693
-8.28815
-8.28823
-8.28709
-8.28265
-8.28291
-8.28109
-8.28174
-8.27819
-8.2777
-8.2787
-8.27861
-8.2757
-8.27543
-8.27657
-8.27427
-8.27307
-8.27335
-8.27194
-8.27115
-8.27086
-8.27135
-8.27053
-8.26911
-8.26974
-8.26702
-8.26704
-8.26606
-8.26611
-8.26541
-8.26621
-8.26589
-8.26525
-8.2659
-8.26481
-8.2655
-8.26371
-8.26457
-8.26353
-8.26354
-8.26192
-8.26032
-8.26167
-8.26228
-8.26079
-8.25923
-8.25797
-8.26171
-8.25993
-8.25914
-8.25921
-8.26155
-8.25895
-8.25985
-8.25972
-8.25769
-8.25751
-8.25786
-8.25724
-8.25803
-8.25771
-8.25524
-8.25699
-8.25717
-8.25542
-8.25668
-8.256
-8.25668
-8.25619
-8.25581
-8.25393
-8.25476
-8.25313
-8.25426
-8.25428
-8.25451
-8.25307
-8.252
-8.25266
-8.25238
-9.01163
-8.87776
-8.83736
-8.81841
-8.81302
-8.80819
-8.80877
-8.75359
-8.7354
-8.73857
-8.74182
-8.69661
-8.66697
-8.67401
-8.67998
-8.64104
-8.60932
-8.61531
-8.61714
-8.5851
-8.55084
-8.55453
-8.55882
-8.53431
-8.50166
-8.49932
-8.5032
-8.48431
-8.45131
-8.45261
-8.45426
-8.44289
-8.41363
-8.41302
-8.41664
-8.40655
-8.38117
-8.38177
-8.38319
-8.37699
-8.35756
-8.35971
-8.36018
-8.3561
-8.34031
-8.33969
-8.34102
-8.3382
-8.32789
-8.32647
-8.32601
-8.32447
-8.31573
-8.31364
-8.31353
-8.31305
-8.30682
-8.30541
-8.30561
-8.30402
-8.29885
-8.29776
-8.29826
-8.29776
-8.29356
-8.29455
-8.29353
-8.29233
-8.289
-8.28835
-8.28893
-8.28958
-8.2856
-8.28531
-8.28494
-8.28543
-8.28398
-8.2833
-8.28407
-8.28296
-8.28167
-8.28104
-8.27968
-8.27988
-8.27854
-8.27863
-8.27761
-8.27859
-8.27679
-8.27645
-8.27648
-8.2757
-8.27549
-8.27577
-8.27413
-8.27475
-8.27463
-8.2737
-8.27381
-8.27233
-8.27207
-8.27171
-8.27107
-8.27309
-8.27009
-8.26975
-8.26964
-8.26806
-8.26834
-8.26794
-8.26875
-8.26643
-8.26645
-8.26662
-8.26638
-8.26587
-8.26626
-8.26463
-8.26427
-8.26419
-8.26469
-8.26399
-8.26365
-8.2648
-8.26334
-8.26224
-8.26367
-8.26357
-8.26304
-8.26323
-8.26452
-8.26271
-8.26305
-8.26294
-8.26322
-8.26314
-8.26261
-8.26229
-8.26272
-8.26241
-9.01154
-8.8825
-8.84494
-8.83052
-8.82055
-8.8184
-8.81687
-8.7634
-8.74009
-8.74342
-8.744
-8.69929
-8.67086
-8.67353
-8.67812
-8.63985
-8.60887
-8.61396
-8.61445
-8.58308
-8.54831
-8.55136
-8.55444
-8.52871
-8.49489
-8.49706
-8.49887
-8.48096
-8.44824
-8.44754
-8.44869
-8.43576
-8.40739
-8.40835
-8.40977
-8.40146
-8.37483
-8.37603
-8.37595
-8.37328
-8.3534
-8.35357
-8.35406
-8.34992
-8.3336
-8.33675
-8.33513
-8.3337
-8.32123
-8.32178
-8.31949
-8.319
-8.30979
-8.30821
-8.30711
-8.30589
-8.29834
-8.29852
-8.29606
-8.29655
-8.28939
-8.28927
-8.28848
-8.28743
-8.28298
-8.28228
-8.28026
-8.28132
-8.27811
-8.27655
-8.27666
-8.27544
-8.27352
-8.27228
-8.27293
-8.27064
-8.26966
-8.27005
-8.26924
-8.26863
-8.26619
-8.26744
-8.26572
-8.26734
-8.26528
-8.26469
-8.26429
-8.26499
-8.26331
-8.26379
-8.26395
-8.26299
-8.26387
-8.26416
-8.26281
-8.26336
-8.26257
-8.26204
-8.26168
-8.2615
-8.26174
-8.26191
-8.26202
-8.26204
-8.26089
-8.26092
-8.26233
-8.26147
-8.25999
-8.26154
-8.2614
-8.26078
-8.2613
-8.26176
-8.26117
-8.26027
-8.26233
-8.26049
-8.25913
-8.25925
-8.25916
-8.25961
-8.25917
-8.25844
-8.26026
-8.25959
-8.25984
-8.26002
-8.25937
-8.25878
-8.25836
-8.25971
-8.2592
-8.26017
-8.25814
-8.25903
-8.25922
-8.25995
-8.25902
-8.2595
-8.99035
-8.8642
-8.83229
-8.81468
-8.80638
-8.80414
-8.80641
-8.74831
-8.7133
-8.71884
-8.72236
-8.67861
-8.64304
-8.64691
-8.64981
-8.61131
-8.5763
-8.58338
-8.58425
-8.55505
-8.52059
-8.52422
-8.52878
-8.50611
-8.47151
-8.47455
-8.47619
-8.46034
-8.42929
-8.42979
-8.43065
-8.42009
-8.39264
-8.39414
-8.39536
-8.38686
-8.36328
-8.3639
-8.36319
-8.35911
-8.34
-8.34101
-8.34097
-8.3379
-8.32196
-8.32249
-8.32188
-8.32132
-8.30752
-8.30592
-8.30729
-8.30465
-8.293
-8.29114
-8.28957
-8.28739
-8.27798
-8.2777
-8.27712
-8.27592
-8.26934
-8.26827
-8.26848
-8.26862
-8.26234
-8.26161
-8.26194
-8.26169
-8.25766
-8.25764
-8.25824
-8.25906
-8.25312
-8.25335
-8.25439
-8.25543
-8.25137
-8.25203
-8.2509
-8.25098
-8.24923
-8.24894
-8.25033
-8.24848
-8.24682
-8.24645
-8.24761
-8.24728
-8.24692
-8.24681
-8.24524
-8.24766
-8.24481
-8.2464
-8.24606
-8.24606
-8.24582
-8.24637
-8.24503
-8.2442
-8.24291
-8.24566
-8.24453
-8.24372
-8.24472
-8.24445
-8.24356
-8.24298
-8.24323
-8.24303
-8.24291
-8.24194
-8.24311
-8.24151
-8.2434
-8.2428
-8.24079
-8.24189
-8.24192
-8.2431
-8.24302
-8.24059
-8.24081
-8.24065
-8.24019
-8.24207
-8.24207
-8.24056
-8.24157
-8.24234
-8.24125
-8.24107
-8.24104
-8.24157
-8.24137
-8.24036
-8.2408
-8.23949
-8.24063
-8.24024
-9.01013
-8.87948
-8.84292
-8.82804
-8.82243
-8.8196
-8.81683
-8.76344
-8.7273
-8.72966
-8.73307
-8.68816
-8.64958
-8.65416
-8.65752
-8.62025
-8.5799
-8.58643
-8.58987
-8.55754
-8.52332
-8.52487
-8.52885
-8.50676
-8.47262
-8.47489
-8.47863
-8.46239
-8.43188
-8.43198
-8.43475
-8.42141
-8.39627
-8.39705
-8.39457
-8.38893
-8.36665
-8.36612
-8.3682
-8.36266
-8.34145
-8.34162
-8.3428
-8.33819
-8.32415
-8.3207
-8.32075
-8.31786
-8.30756
-8.30659
-8.30773
-8.30406
-8.29581
-8.2941
-8.29341
-8.29269
-8.28491
-8.28353
-8.28467
-8.28282
-8.27854
-8.27753
-8.27805
-8.27697
-8.27257
-8.27157
-8.27167
-8.27215
-8.26799
-8.26757
-8.26984
-8.26923
-8.267
-8.26588
-8.26445
-8.26497
-8.26541
-8.26334
-8.26392
-8.26209
-8.26121
-8.25903
-8.26124
-8.26031
-8.25972
-8.26051
-8.25994
-8.2584
-8.2572
-8.25788
-8.25787
-8.25789
-8.25595
-8.25636
-8.25604
-8.25725
-8.25544
-8.25536
-8.25542
-8.25445
-8.25559
-8.25582
-8.25377
-8.25252
-8.25298
-8.25337
-8.25276
-8.25229
-8.2519
-8.25107
-8.25158
-8.25235
-8.25321
-8.25073
-8.25121
-8.25203
-8.25093
-8.25097
-8.25066
-8.25048
-8.25017
-8.25118
-8.25137
-8.25172
-8.25062
-8.25058
-8.25146
-8.25134
-8.25145
-8.25115
-8.249
-8.25029
-8.2505
-8.25011
-8.25086
-8.24945
-8.25005
-8.25109
-8.2507
-8.25006
-9.0074
-8.89306
-8.85899
-8.84404
-8.83681
-8.8319
-8.82892
-8.7729
-8.73758
-8.74146
-8.74228
-8.69765
-8.66158
-8.66621
-8.66878
-8.62905
-8.589
-8.59006
-8.59211
-8.55614
-8.51744
-8.5209
-8.522
-8.49757
-8.46304
-8.46387
-8.46493
-8.44801
-8.41908
-8.42009
-8.42084
-8.40735
-8.38279
-8.3831
-8.38321
-8.37612
-8.35453
-8.35429
-8.35482
-8.35037
-8.33054
-8.33188
-8.33183
-8.32915
-8.31428
-8.31286
-8.31376
-8.31349
-8.30302
-8.30121
-8.30059
-8.29971
-8.29142
-8.29151
-8.292
-8.28834
-8.2813
-8.28259
-8.28111
-8.28195
-8.27539
-8.27601
-8.27555
-8.27539
-8.27095
-8.27159
-8.26969
-8.26783
-8.26611
-8.2648
-8.26441
-8.2633
-8.262
-8.2618
-8.26166
-8.26134
-8.2577
-8.25755
-8.25746
-8.25852
-8.25676
-8.25665
-8.25635
-8.25513
-8.25306
-8.25285
-8.25335
-8.25341
-8.25237
-8.25142
-8.25204
-8.24966
-8.25053
-8.25073
-8.25044
-8.24927
-8.24886
-8.24791
-8.25117
-8.2481
-8.24859
-8.24898
-8.24707
-8.24663
-8.2468
-8.24703
-8.24672
-8.24622
-8.24593
-8.24721
-8.24833
-8.24692
-8.2455
-8.24628
-8.2459
-8.24455
-8.24449
-8.24507
-8.24492
-8.24509
-8.2435
-8.24203
-8.24296
-8.242
-8.24307
-8.24232
-8.24328
-8.24267
-8.24345
-8.24385
-8.24265
-8.24276
-8.24152
-8.24251
-8.24349
-8.24226
-8.24154
-8.24206
-8.24067
-8.24146
-9.01699
-8.88176
-8.8468
-8.82927
-8.82362
-8.81701
-8.81585
-8.7548
-8.7106
-8.71169
-8.71498
-8.66786
-8.62634
-8.62927
-8.63227
-8.59185
-8.55131
-8.55465
-8.55768
-8.52468
-8.48643
-8.48875
-8.4929
-8.4699
-8.43327
-8.43717
-8.44044
-8.42513
-8.39312
-8.39728
-8.39532
-8.38431
-8.35734
-8.36042
-8.35945
-8.35468
-8.33399
-8.33547
-8.33455
-8.3302
-8.31086
-8.31064
-8.3121
-8.30804
-8.29647
-8.29647
-8.29321
-8.29366
-8.28141
-8.28237
-8.28188
-8.27996
-8.27087
-8.26928
-8.27073
-8.26894
-8.26245
-8.26136
-8.26254
-8.26144
-8.25636
-8.25722
-8.2579
-8.25599
-8.25245
-8.25223
-8.25044
-8.25235
-8.24772
-8.2486
-8.2477
-8.24853
-8.24448
-8.24749
-8.24608
-8.24478
-8.24434
-8.24252
-8.24243
-8.24156
-8.24036
-8.2409
-8.23847
-8.23921
-8.23698
-8.2385
-8.23833
-8.23865
-8.23674
-8.23509
-8.23408
-8.23591
-8.23399
-8.23178
-8.2335
-8.23371
-8.23381
-8.23274
-8.23234
-8.23185
-8.23018
-8.23093
-8.22981
-8.23109
-8.23209
-8.2306
-8.23087
-8.22873
-8.22972
-8.23051
-8.22959
-8.22913
-8.23039
-8.22951
-8.2297
-8.22985
-8.22832
-8.2292
-8.22854
-8.22885
-8.22935
-8.22911
-8.22813
-8.23067
-8.22886
-8.22911
-8.22806
-8.22661
-8.22816
-8.22792
-8.22697
-8.22877
-8.22809
-8.22978
-8.22855
-8.22689
-8.22763
-8.2281
-8.22656
-8.22678
-9.01709
-8.89346
-8.86205
-8.84895
-8.8404
-8.84016
-8.83808
-8.77861
-8.73752
-8.73984
-8.74155
-8.69482
-8.65293
-8.65666
-8.66024
-8.62137
-8.57965
-8.58238
-8.58201
-8.55265
-8.51113
-8.51304
-8.51519
-8.49249
-8.45309
-8.45572
-8.45698
-8.44175
-8.4087
-8.40927
-8.40979
-8.39787
-8.37099
-8.37182
-8.37225
-8.36461
-8.34251
-8.34317
-8.34256
-8.33721
-8.31825
-8.31729
-8.31866
-8.31436
-8.29907
-8.29982
-8.29877
-8.29621
-8.28449
-8.28412
-8.28428
-8.28335
-8.27272
-8.27437
-8.27256
-8.27301
-8.26488
-8.2646
-8.26483
-8.26359
-8.25765
-8.25625
-8.25605
-8.25628
-8.25048
-8.25037
-8.24991
-8.24935
-8.24529
-8.24256
-8.24482
-8.24445
-8.23989
-8.2391
-8.23686
-8.23823
-8.23525
-8.23452
-8.23392
-8.23515
-8.2323
-8.2303
-8.23163
-8.2326
-8.22917
-8.22928
-8.22974
-8.23048
-8.22904
-8.22921
-8.22842
-8.22816
-8.22792
-8.22571
-8.22712
-8.22761
-8.22555
-8.22618
-8.22555
-8.22489
-8.2243
-8.22457
-8.22585
-8.22468
-8.22651
-8.22541
-8.22615
-8.22473
-8.22355
-8.22452
-8.22596
-8.22401
-8.22539
-8.22395
-8.22437
-8.22404
-8.22222
-8.22273
-8.22353
-8.22325
-8.22266
-8.2237
-8.2231
-8.22415
-8.2219
-8.22303
-8.22232
-8.22343
-8.22266
-8.22328
-8.222
-8.22306
-8.22185
-8.22351
-8.22395
-8.22276
-8.22302
-8.2236
-8.22337
-8.22145
-9.01671
-8.89075
-8.84934
-8.83149
-8.8213
-8.81279
-8.81228
-8.75137
-8.70617
-8.7099
-8.71035
-8.66379
-8.6193
-8.62464
-8.62649
-8.58926
-8.54503
-8.55086
-8.5554
-8.52262
-8.48527
-8.49256
-8.49439
-8.47009
-8.43724
-8.43943
-8.44002
-8.42208
-8.39014
-8.39268
-8.39268
-8.38174
-8.35326
-8.35447
-8.35592
-8.34787
-8.3261
-8.32464
-8.32428
-8.31997
-8.30058
-8.30041
-8.30212
-8.3009
-8.28427
-8.28367
-8.28551
-8.28525
-8.27059
-8.27175
-8.27258
-8.27014
-8.26099
-8.26236
-8.25979
-8.2604
-8.25429
-8.25408
-8.25274
-8.25071
-8.24809
-8.24665
-8.24584
-8.24655
-8.24222
-8.24276
-8.24221
-8.24201
-8.23815
-8.23907
-8.23664
-8.23831
-8.23514
-8.2351
-8.23439
-8.23384
-8.23107
-8.23109
-8.23139
-8.2319
-8.22963
-8.22948
-8.2305
-8.231
-8.22679
-8.22803
-8.22642
-8.2256
-8.22671
-8.22563
-8.22465
-8.22601
-8.22434
-8.22407
-8.22447
-8.22465
-8.22318
-8.22363
-8.22393
-8.22353
-8.22202
-8.22149
-8.2237
-8.22289
-8.2208
-8.2222
-8.2219
-8.22101
-8.22146
-8.22077
-8.22023
-8.22071
-8.22242
-8.22117
-8.22117
-8.21923
-8.2188
-8.22017
-8.22013
-8.21953
-8.2208
-8.21931
-8.21853
-8.21868
-8.21697
-8.2185
-8.2184
-8.2184
-8.21723
-8.21736
-8.21726
-8.21785
-8.21803
-8.21675
-8.2173
-8.21512
-8.21577
-8.21622
-8.2163
-8.21749
-9.02495
-8.90687
-8.87239
-8.85238
-8.8426
-8.83734
-8.83397
-8.77422
-8.72346
-8.72443
-8.72524
-8.67606
-8.63045
-8.63255
-8.6373
-8.59659
-8.55237
-8.55784
-8.55696
-8.52694
-8.48148
-8.48589
-8.48732
-8.46332
-8.42264
-8.42646
-8.42832
-8.41156
-8.37597
-8.37814
-8.38092
-8.36787
-8.3386
-8.33946
-8.34123
-8.33401
-8.30836
-8.31136
-8.30971
-8.30455
-8.28754
-8.28727
-8.28627
-8.28451
-8.27147
-8.27063
-8.26967
-8.26703
-8.25531
-8.25426
-8.25361
-8.25423
-8.24421
-8.2444
-8.24467
-8.24293
-8.2372
-8.23508
-8.23513
-8.23628
-8.22986
-8.22948
-8.22958
-8.22579
-8.22497
-8.22423
-8.22392
-8.22357
-8.22187
-8.22288
-8.21975
-8.22133
-8.21905
-8.21788
-8.21646
-8.21625
-8.21545
-8.21619
-8.21619
-8.21674
-8.21396
-8.21284
-8.21453
-8.21373
-8.21297
-8.21366
-8.21375
-8.21102
-8.20956
-8.21023
-8.21105
-8.2094
-8.21075
-8.20998
-8.20933
-8.20969
-8.20835
-8.20975
-8.20877
-8.20885
-8.208
-8.20794
-8.2061
-8.20871
-8.20649
-8.20486
-8.20632
-8.207
-8.2077
-8.20755
-8.20641
-8.20658
-8.20718
-8.20712
-8.20603
-8.20572
-8.20695
-8.20572
-8.20663
-8.20647
-8.20632
-8.20617
-8.20548
-8.20431
-8.20496
-8.20338
-8.20456
-8.20446
-8.20329
-8.2049
-8.20461
-8.20443
-8.20264
-8.20293
-8.20167
-8.20403
-8.20215
-8.20396
-8.20169
-8.20253
-9.02744
-8.89893
-8.85875
-8.84221
-8.83719
-8.83118
-8.83142
-8.77394
-8.72175
-8.72597
-8.72849
-8.6788
-8.62878
-8.63385
-8.63449
-8.5929
-8.54492
-8.54828
-8.55221
-8.51949
-8.47317
-8.47538
-8.47814
-8.45369
-8.41309
-8.41333
-8.4162
-8.39891
-8.36306
-8.36221
-8.36372
-8.35415
-8.32599
-8.32556
-8.32471
-8.31737
-8.29385
-8.29399
-8.29595
-8.29375
-8.27465
-8.27525
-8.27581
-8.27205
-8.25954
-8.25829
-8.25809
-8.25742
-8.24688
-8.24722
-8.24771
-8.24851
-8.24084
-8.24065
-8.23833
-8.24045
-8.23461
-8.23291
-8.23371
-8.23497
-8.22852
-8.22843
-8.23005
-8.22758
-8.22427
-8.22465
-8.22399
-8.22326
-8.22134
-8.22192
-8.22172
-8.22229
-8.21944
-8.21847
-8.21835
-8.21869
-8.2162
-8.21729
-8.2176
-8.21672
-8.21492
-8.21442
-8.21616
-8.21581
-8.21446
-8.21247
-8.21494
-8.21374
-8.21381
-8.21328
-8.21475
-8.21331
-8.21348
-8.21361
-8.21325
-8.21192
-8.21251
-8.21044
-8.21131
-8.21047
-8.21022
-8.21064
-8.21134
-8.21142
-8.21043
-8.20999
-8.2106
-8.21168
-8.21048
-8.21096
-8.20953
-8.21046
-8.2106
-8.20979
-8.20817
-8.20784
-8.20772
-8.20939
-8.20922
-8.20756
-8.20723
-8.20733
-8.209
-8.20824
-8.20828
-8.20716
-8.20796
-8.2089
-8.20558
-8.20702
-8.20667
-8.20858
-8.20798
-8.20736
-8.20675
-8.20829
-8.20631
-8.20695
-8.20702
-8.20604
-9.01701
-8.89063
-8.84913
-8.82856
-8.82178
-8.81477
-8.81397
-8.75492
-8.70236
-8.70519
-8.70575
-8.6576
-8.61755
-8.6195
-8.62287
-8.58289
-8.542
-8.54554
-8.54862
-8.51826
-8.47644
-8.4808
-8.48436
-8.46215
-8.42445
-8.42696
-8.4278
-8.41228
-8.37699
-8.37955
-8.38123
-8.37025
-8.3437
-8.34444
-8.34486
-8.33844
-8.31504
-8.31487
-8.31682
-8.31155
-8.29329
-8.29162
-8.29465
-8.29243
-8.27668
-8.27696
-8.27571
-8.27357
-8.2618
-8.26117
-8.26158
-8.25896
-8.25122
-8.25072
-8.25133
-8.24909
-8.24288
-8.24213
-8.24143
-8.24179
-8.23729
-8.23526
-8.23425
-8.23469
-8.23204
-8.23097
-8.23139
-8.23121
-8.22777
-8.22798
-8.22749
-8.22668
-8.22431
-8.2249
-8.2255
-8.22401
-8.22042
-8.2206
-8.22028
-8.21992
-8.21806
-8.21791
-8.21875
-8.21665
-8.21561
-8.21527
-8.21471
-8.21315
-8.21076
-8.21314
-8.21271
-8.21141
-8.21123
-8.21147
-8.21191
-8.20996
-8.21003
-8.20873
-8.20978
-8.21129
-8.20814
-8.20812
-8.20751
-8.20777
-8.20798
-8.20897
-8.20714
-8.20702
-8.20672
-8.2067
-8.20795
-8.20623
-8.20619
-8.20666
-8.20727
-8.20499
-8.20588
-8.20774
-8.20736
-8.20566
-8.2065
-8.20608
-8.20496
-8.2062
-8.20668
-8.20648
-8.20596
-8.20565
-8.20468
-8.20547
-8.20499
-8.20361
-8.20433
-8.20431
-8.20345
-8.20254
-8.20296
-8.20483
-8.20377
-8.20382
